-0.1648031
0.2046391
0.9130549
-0.07963479
0.1225446
-0.7383738
-0.5902665
-0.8160183
0.4415722
0.8501344
-0.2106317
-0.9493012
0.2578156
0.5007651
0.1492893
-0.8526759
0.6300948
0.4221055
-0.1636611
-0.3264319
-0.5954657
-0.2418505
0.5160584
0.1653663
0.1218771
0.8740356
0.4764819
0.2498647
0.9785175
-0.1681982
-0.5060866
0.0320946
0.4204805
-0.8452523
-0.380812
0.1272961
-0.09550869
0.8466005
-0.8271303
-0.8024175
-0.4527122
-0.3020998
-0.5500805
0.4812288
0.4807326
0.08159864
0.4512555
0.1258825
-0.8649108
-0.7839694
0.1953381
0.7272356
0.6934273
0.8460484
-0.3729178
-0.902492
0.2163831
0.6188576
0.2492296
0.4558491
0.2689469
0.1234566
0.6769207
0.08316934
0.397999
0.1307174
0.1355578
-0.9997532
-0.6112013
0.2653393
0.6829059
-0.9644721
-0.9436288
-0.289775
-0.8537028
0.3603022
0.5611041
0.3216107
0.1537672
-0.8368943
-0.9818964
0.4685275
-0.6589844
0.3554415
-0.4419163
0.6352353
0.6638918
-0.5217125
0.10172
0.8978972
-0.8738072
0.9906871
-0.4993542
0.876533
-0.7845981
-0.6146436
0.1874057
-0.935389
0.7513251
0.7429953
-0.492757
0.1079055
0.9391127
-0.315888
0.6167438
-0.9136558
-0.9701796
-0.2866977
0.8624456
-0.1978885
-0.8315797
0.1333905
0.4319942
0.6201441
0.1235148
-0.5440092
0.4720802
0.2185258
0.298897
0.2935581
0.9685621
0.9725888
-0.5814636
0.4870872
-0.4451874
0.9693046
0.5536199
0.6109281
0.7461102
0.4194514
0.6361356
0.9072828
0.3135929
-0.4283503
-0.4691495
-0.3545674
-0.1767176
-0.6643705
-0.4955491
-0.7439258
0.6116889
0.1192774
-0.1719803
0.03373563
-0.8030179
-0.09218729
-0.710712
-0.1340564
-0.2428151
0.05151117
0.5590162
-0.3338228
0.9435306
-0.1403419
-0.5021155
-0.1569527
-0.1400121
0.01605332
0.664557
0.6024542
0.5647242
-0.3065585
-0.1705238
0.7320404
-0.7465818
0.9488978
0.167761
0.1906911
0.8717403
-0.5759962
0.7956014
0.1632587
-0.8177378
0.1187559
-0.4162446
-0.4556669
0.2461978
0.3024831
0.4717006
0.5031757
0.2968812
0.4496019
-0.4758898
-0.5266883
0.4191382
0.4821255
-0.897675
0.710737
-0.0360204
0.5509436
-0.04888117
0.7671232
-0.7084246
-0.5802681
0.6142964
0.01933706
0.07360351
0.4080095
-0.7630448
-0.004660249
-0.2306052
0.9688315
0.223431
-0.7127378
-0.4608949
-0.1908919
-0.7149332
-0.9720023
0.4369743
-0.09945977
0.1350776
-0.9839652
0.2592749
0.1732982
-0.918654
0.2449857
0.5528443
-0.06178439
0.722476
-0.6729193
-0.8892794
0.2070049
-0.9959447
-0.4066933
-0.1685206
0.3932502
-0.1267802
0.02378476
0.8137677
0.9876149
0.4895143
-0.6304297
0.9111328
0.02469409
0.2764909
0.8029382
-0.3148748
-0.483698
0.5052989
-0.7039762
0.7957339
-0.2307929
0.3691806
0.6755502
0.221326
-0.1889457
0.9480741
-0.2231759
0.9398699
